4294967278,61
4294967278,60
4294967278,59
4294967278,58
4294967278,57
4294967278,56
4294967278,55
4294967278,54
4294967278,53
4294967278,52
4294967278,51
4294967278,50
4294967278,49
4294967278,48
4294967278,47
4294967278,46
4294967279,84
4294967278,132
4294967278,131
4294967278,130
4294967278,129
4294967278,128
4294967278,127
4294967278,126
4294967278,125
4294967278,123
4294967278,120
4294967278,118
4294967278,117
4294967278,116
4294967278,115
4294967278,114
4294967278,113
4294967278,112
4294967278,111
4294967278,109
4294967278,106
4294967278,104
4294967278,103
4294967278,102
4294967278,101
4294967278,100
4294967278,99
4294967278,98
4294967278,97
4294967278,95
4294967278,92
4294967278,90
4294967278,89
4294967278,87
4294967278,86
4294967278,85
4294967278,84
4294967278,83
4294967278,82
4294967278,80
4294967278,76
4294967278,75
4294967278,74
4294967278,73
4294967278,71
4294967278,68
4294967278,67
4294967278,66
4294967278,65
4294967278,62
4294967278,2
4294967278,260
4294967279,267
4294967279,85
4294967279,83
4294967279,82
4294967279,81
4294967279,378
4294967279,80
4294967279,79
4294967279,78
4294967279,537
4294967279,76
4294967279,75
4294967279,74
4294967279,73
4294967279,72
4294967279,533
4294967279,71
4294967279,70
4294967279,69
4294967279,68
4294967279,67
4294967279,65
4294967279,298
4294967279,64
4294967279,63
4294967279,61
4294967279,60
4294967279,59
4294967279,58
4294967279,57
4294967279,56
4294967279,295
4294967279,55
4294967279,54
4294967279,53
4294967279,52
4294967279,51
4294967279,50
4294967279,49
4294967279,48
4294967279,47
4294967279,46
4294967279,45
4294967279,532
4294967279,361
4294967279,43
4294967279,42
4294967279,41
4294967279,40
4294967279,374
4294967279,39
4294967279,37
4294967279,36
4294967279,259
4294967279,35
4294967279,34
4294967279,33
4294967279,32
4294967279,31
4294967279,30
4294967279,29
4294967279,531
4294967279,28
4294967279,372
4294967279,27
4294967279,362
4294967279,26
4294967279,281
4294967279,25
4294967279,313
4294967279,24
4294967279,287
4294967279,22
4294967279,286
4294967279,21
4294967279,530
4294967279,20
4294967279,339
4294967279,19
4294967279,280
4294967279,16
4294967279,540
4294967279,14
4294967279,13
4294967279,11
4294967279,10
4294967279,5
4294967279,548
4294967279,38
440,2
440,4
4294967279,370
4294967278,252
4294967278,174
4294967279,146
4294967279,143
4294967279,142
4294967279,141
4294967279,139
4294967279,138
4294967279,272
4294967279,136
4294967279,135
4294967279,23
4294967279,300
4294967279,133
4294967279,271
4294967279,9
4294967279,18
4294967279,529
4294967279,17
4294967279,282
4294967279,322
4294967279,277
4294967294,388
4294967279,15
4294967279,265
4294967279,360
4294967279,264
4294967279,12
4294967279,350
4294967279,258
499,6
4294967279,261
499,5
499,4
4294967279,275
499,3
499,2
499,1
4294967279,535
4294967279,8
4294967279,338
4294967279,7
4294967279,343
4294967279,6
4294967279,522
4294967279,254
4294967294,37
4294967294,36
4294967294,39
4294967294,1173
4294967279,4
4294967279,253
4294967278,258
4294967278,329
4294967278,328
4294967278,368
4294967294,40
4294967278,124
4294967278,327
4294967294,42
4294967278,325
4294967278,366
4294967294,43
4294967278,254
4294967294,44
4294967294,99
4294967294,45
4294967294,76
4294967294,417
4294967294,51
4294967294,52
4294967278,122
4294967278,446
4294967294,82
4294967278,121
4294967278,250
4294967278,361
4294967278,248
4294967294,92
4294967294,91
4294967294,88
4294967294,86
4294967294,85
4294967294,83
4294967278,119
4294967278,246
4294967278,445
4294967278,244
4294967278,240
496,5
4294967278,238
496,4
496,3
496,2
496,1
4294967278,237
4294967294,107
4294967278,234
4294967294,1417
4294967278,232
4294967278,251
4294967278,110
4294967294,1101
4294967278,230
4294967294,1095
4294967294,390
4294967294,115
4294967278,108
4294967278,425
4294967278,224
4294967278,249
4294967278,0
4294967278,107
4294967278,222
4294967294,1018
4294967294,1098
4294967278,105
4294967278,220
4294967278,221
4294967278,218
4294967278,214
494,5
4294967278,213
494,4
494,3
494,2
494,1
4294967294,1415
4294967294,1175
4294967279,547
4294967279,260
4294967279,0
4294967278,212
4294967278,96
4294967278,210
4294967278,209
4294967278,379
4294967294,1419
4294967278,208
4294967294,1015
4294967294,182
4294967278,94
4294967278,412
4294967278,93
4294967278,205
4294967278,223
4294967278,204
4294967294,38
4294967294,469
4294967294,420
4294967294,183
4294967294,112
4294967294,453
4294967294,455
4294967294,391
4294967294,108
4294967294,116
4294967294,400
4294967294,411
4294967278,91
4294967278,203
4294967278,386
4294967278,202
